3023
6141
3020
3004
3710
3022
3024
3021
3005
3003
3795
3010
3666
3001
2431
3623
4032a
2420
3009
3622
3034
3002
98138
3460
3437
6636
3941
87079
3031
11477
3700
87580
4070
3032
2780
15068
2540
4740
2654
4274
4162
2456
30374
3832
3008
87087
2357
6091
44728
4477
3011
48336
63864
2432
3035
43093
4519
3794a
99780
4081b
3829c01
3713
3705
6541
30414
11211
93273
50950
3701
298c02
25269
2445
4589
99207
3958
63868
6558
32013
2877
41770
32000
43723
61252
3036
30136
3706
62462
99781
6536
24866
32054
18674
32523
99206
63965
3007
32064a
32316
32073
30153
20482
6587
11476
3176
3245c
3894
3680
73983
32039
4282
32140
2555
3957a
6632
3030
32524
2450
2419
51739
87994
3659
40666
4733
2460
32034
53451
35480
32526
3707
3029
2436
41677
60479
3033
33909
3702
3839b
26603
2458
49668
15535
6111
88646
44302a
40490
2302
6231
87083
42003
6510
11458
2817
32184
22885
11090
6112
30357
32002
32270
3737
32525
60483
30565
3028
6553
18654
44294
6179
24201
4150
43898
3703
32278
54384
26047
2465
3708
98283
30602
26601
30503
3895
32952
32530
2444
93274
11212
6628
47905
32016
61184
27925
92947
3006
30031
32009
58176
3960
41539
2423
29119
6157
2454a
2921
14719
41740
32449
2730
30236
36840
32607
18677
93606
4510
88930
32015
2736
11203
4623
3831
6215
41239
3633
3823
2569
30383
11214
30553
52107
44567a
42022
32291
11215
32828
41669
4488
2825
32014
59349
92438
32474
24246
34103
4346
41678
50304
32803
24299
60592
91988
23969
4083
33183
55013
32192
4175
6180
14716
3647
52031
32018
6629
18980
30165
4495a
3821
32056
43857
15470
32174
32348
32271
43719
3741
11213
6005
22385
41747
87620
44676
15462
3027
30000
2453a
60471
87747
60484
36841
27263
2476a
45677
42023
4590
30237a
87081
50745
32059
4315
22888
4595
43337
6020
4066
2653
49307
30137
93095
4738a
4735
92690
15395
98100
6003
30157
32138
3956
47456
18649
6015
2417
22961
15070
48092
26604
30176
6182
4490
2489
23443
6081
44301a
13547
92582
88292
2300
3641
60470a
30150
37352
87609
30385
4533
2479
6564
3743
43711
30028
3455
24316
60485
13965
64799
15208
30145
61780
63869
11833
6106
18653
15100
32017
48989
61678
2926
47397
3788
92338
2437
4716
22667
6249
43888
50943
18671
15403
2905
91405
41682
41854
3483
27507
57895
4199
4176
2723
4672
60476
32072
2462
4095
15303
6222
40379
32250
64648
98223
4727
33051
44568
85543
33320
2566
4019
2335
2853
2301
30355
6474
32063
3456
4855
3185
35787
44126
11947
30365
3308
47753
2340
4588
15706
33299a
50951
47458
18646
32531
4216
44524
45590
4625
41532
32269
10197
2819
2339
32532
62113
6187
93160
32557
11478
13548
2508
85975
92907
43712
99021
3139
2639
24309
44674
89522
33085
85943
6239
64570
6583
53585
32324
2486
30055
17485
57585
48729a
30592
31110
41767
64225
60208
4536
98233
47755
32606
14718
14419
30504
30099
41862
95343
44661
61072
30238
48169
6190
33243
60475a
3475b
2413
62361
44809
98282
50861
11291
2854
64454
44570
6233
64782
32065
6575
4864a
4598
48183
50923
98397
2441
30586
30562
2815
20310
92692
48171
2362a
30134
3403c01
18853
30043
3649
6191
41765
2744
64179
6064
11127
14226c11
40378
90258
90609
30115
87086
32198
55236
6183
15397
66792
47847
2412a
15458
69729
67329
47759
60603
3933
48933
60602
22484
3934
3731
57783
64391
4196
92402
6259
47720
27940
90641
99008
98224
30364
61903
93575
98585
14210
30386
48723
54821
30093
32249
90398
2415
4856a
90640
26599
98834
6255
14720
87084
44300
30104
92842
32005a
30103
90617
50955
4204
71509
15209
25893
32529
2312c01
6070
58090
2397
85941
89523
2435
22886
6060
73825
6192
6178
60621
88293
44675
2433
3963
2376
48170
2625
32199
65578
64462
74261
11208
4211
90639
23950
15279
30033
91501
4214
45301
48172
35459
21445
3648a
33303
6083
98286
30029
3867
37695
31061
3811
24855
92851
98252
87617
3865
43720
6394
15745
31195
13564
33121
30248
15461
32068
28326
90265
3651
4719
50949
62531
4261
87408
30540
15533
52036
39739
2346
6087
4596
6478
85940
4133
30396
4744
92583
298c03
47296
24116
6216
6490
32209
65509
47306
2850a
2577
35044
64393
85545
51262
41749
40902
90661
3471
4730
3704
4742
85546
4375
57539
40234
27261
11100
3935
90652
9244
32333
16770
3936
3961
6585
50947
18588
44309
4489b
2717
6148
24122
30259
15092
46296
64178
30169
64448
88289
47407
32555
41948
6082
66956
2352b
41855
32498
55615
98284
64453
4202
6427
4858
64276
30293
4869
49283
4143
90611
3639
6066
51011
90754
78c02
90195
30505
24119
4025
24947
23948
32012
2711
30160
30332
87761
32293
95188
53586
11289
32173
4130
4084
64867
4891
60808
3736
98577
45749
90612
35654
30292
32527
4743
73590c01a
30648
76138
29111
53119
32200
11089
56891
42060
28870
61800
92220
44375a
18975
30261
2714a
18977
30541
4872
39793
2920
4262
93604
4198
30076
71155
32476
4504
4022
2546
44224
6212
6588
50254
2434
41250
30041
30360
57906
78c09
30407
64262
41530
upn0373
4882
4732
4442
4217
6133
92094
51269
4218
19121
87752
2345
90607
4493c01pr0011
32175
2356
90981
98281
2466
3479
6471
92691
22391
88393
55978
55976
4197
3664
41751
43121
50898
87407
87421
3127
14413
62743
98225
64450
76537
44822
42074
4215a
49311
4289
57909a
47328
99009
10288
92474
41670
56890
4229
4594
11198
42445
57520
45463
31059
70681
45462
4208
6118
41668
47452
2878c01
74864
4863
4745
2291
32554
4201
87611
73230
23444
3634
18896
31168
64680
4895
92589
42042und
15362
2470
35700
67095
2518
33286
4263
47330
18974
64682
66789
14226c41
2494
93590
61510
6238
2399
90616
74587
2607
4253
75347
32235
58846
30112c
32580
15624
92579
47406
90202
30246
6251
75c16
18892
30086
51703
15460
2571
98263
4873
6063
4591
4543
90608
51708
87615
47298
4207
32310
6076
49423
600
32475
upn0372
78c11
50451
90540
45705
6079
13269
47297
92279
2743
6377
2548
15064
30256
46413
30056
47432
33021
52038
14721
46286
43559
12939
2332
2206
48496
64451
2880
53543
45449
2440
32177
4247
18868c00
44358
68568
44874
50450
2637
6035
24593
60583a
51270
11091
78c04
20309
6630
6497
4444
3754
2039